60259508,'New York Mafia',222,191,86
32199542,'KGB',764,572,74
70705149,'CIA',494,453,91
54352899,'Yakuza',662,296,44
90198523,'Yakuza',412,360,87
91691082,'New York Mafia',547,514,93
37863334,'D-Company',535,197,36
81068245,'Italian Mafia',942,596,63
95966671,'KGB',146,108,73
23973007,'KGB',689,300,43
51479543,'Yakuza',96,1,1
74662634,'New York Mafia',181,56,30
18141683,'Yakuza',334,222,66
17247069,'MI6',211,174,82
39952946,'Tijuana Cartel',755,635,84
53304500,'KGB',397,299,75
48825347,'Yakuza',27,11,40
39213640,'MI6',422,281,66
47255163,'New York Mafia',219,11,5
52293581,'D-Company',883,2,0
25710817,'Tijuana Cartel',952,646,67
23716601,'KGB',439,43,9
16304222,'New York Mafia',596,407,68
74651992,'New York Mafia',689,244,35
15933280,'Tijuana Cartel',555,389,70
85318237,'KGB',678,271,39
31190148,'New York Mafia',368,365,99
17101081,'MI6',789,366,46
36718462,'New York Mafia',435,227,52
38132501,'Italian Mafia',993,873,87
93147898,'Yakuza',551,430,78
22828869,'Yakuza',410,205,50
37595499,'New York Mafia',611,222,36
14027821,'New York Mafia',797,768,96
62640419,'MI6',297,61,20
70279722,'CIA',231,54,23
18633560,'Italian Mafia',125,4,3
66289906,'Tijuana Cartel',693,594,85
57978257,'KGB',101,91,90
47868811,'MI6',701,576,82
80743486,'New York Mafia',816,87,10
78696828,'MI6',757,335,44
44705736,'Italian Mafia',841,430,51
21900137,'D-Company',877,444,50
34246409,'Yakuza',912,782,85
50091775,'D-Company',127,111,87
55243069,'Tijuana Cartel',228,206,90
74979842,'D-Company',406,196,48
60233225,'Yakuza',601,346,57
88803647,'Tijuana Cartel',499,263,52
15121157,'KGB',899,31,3
90585887,'Yakuza',400,13,3
79575760,'Tijuana Cartel',320,105,32
88453040,'Yakuza',399,399,100
69909824,'New York Mafia',260,43,16
27431535,'Yakuza',743,233,31
78762554,'Yakuza',9,3,33
13916974,'CIA',593,574,96
80598460,'Yakuza',812,739,91
80277808,'Italian Mafia',302,37,12
74529587,'New York Mafia',222,168,75
10644176,'New York Mafia',330,85,25
12268955,'New York Mafia',70,14,20
36519061,'Italian Mafia',597,460,77
19780720,'MI6',583,213,36
28725293,'Italian Mafia',178,171,96
74495793,'Italian Mafia',798,440,55
15782771,'Italian Mafia',344,79,22
99312333,'KGB',708,550,77
26813337,'CIA',81,78,96
53131816,'D-Company',386,145,37
68414702,'MI6',701,123,17
35725580,'MI6',362,230,63
31565620,'CIA',79,70,88
12454701,'Tijuana Cartel',637,558,87
71807639,'Italian Mafia',780,242,31
24860394,'Tijuana Cartel',665,227,34
40123133,'Tijuana Cartel',750,350,46
50835635,'CIA',224,21,9
46159569,'KGB',973,444,45
73907922,'D-Company',95,67,70
27569425,'Tijuana Cartel',483,200,41
92742422,'KGB',547,375,68
63700373,'Italian Mafia',572,345,60
75426636,'MI6',879,541,61
93977654,'D-Company',20,19,95
33071647,'CIA',670,175,26
34804352,'Italian Mafia',199,112,56
86791399,'KGB',75,48,64
36315233,'MI6',709,537,75
98576491,'MI6',417,388,93
11221763,'Italian Mafia',913,597,65
76140467,'Italian Mafia',113,49,43
89648974,'CIA',555,306,55
35180639,'CIA',577,206,35
32104307,'CIA',824,555,67
97881788,'KGB',214,135,63
30979107,'Italian Mafia',121,62,51
88841010,'KGB',898,33,3
96177437,'Yakuza',155,64,41
25025761,'Italian Mafia',881,314,35
37613365,'D-Company',76,71,93
81990006,'Italian Mafia',725,50,6
75832449,'MI6',834,176,21
22560582,'KGB',842,387,45
66114653,'MI6',469,0,0
95620899,'MI6',356,25,7
52506245,'MI6',167,59,35
50774558,'Tijuana Cartel',249,191,76
27902837,'New York Mafia',737,628,85
53976082,'KGB',224,125,55
26975601,'Yakuza',239,226,94
16988363,'KGB',822,786,95
27283653,'Yakuza',619,489,78
59032146,'D-Company',716,505,70
50667324,'KGB',477,280,58
87460738,'Tijuana Cartel',732,92,12
39953370,'D-Company',909,541,59
17136554,'D-Company',769,476,61
19922719,'D-Company',661,205,31
95012404,'New York Mafia',501,319,63
45167808,'Tijuana Cartel',991,305,30
66268105,'CIA',14,14,100
52333624,'New York Mafia',48,23,47
29925954,'MI6',206,56,27
80690377,'Tijuana Cartel',517,261,50
76113474,'Tijuana Cartel',931,500,53
14509631,'New York Mafia',742,120,16
93087274,'CIA',170,105,61
96314659,'CIA',201,9,4
14466489,'D-Company',259,196,75
45551609,'MI6',212,157,74
79078837,'Yakuza',463,138,29
89949810,'Tijuana Cartel',97,97,100
99388213,'Italian Mafia',987,149,15
55580636,'MI6',708,215,30
91348838,'MI6',195,147,75
96478739,'KGB',935,270,28
28601644,'MI6',221,12,5
80643184,'Tijuana Cartel',890,560,62
64034644,'New York Mafia',903,436,48
42476249,'MI6',886,41,4
65192214,'Yakuza',847,551,65
10273747,'Tijuana Cartel',619,460,74
97677601,'D-Company',47,24,51
72671808,'KGB',487,285,58
88131045,'D-Company',771,124,16
38790838,'CIA',628,159,25
66589949,'Tijuana Cartel',48,1,2
46756922,'CIA',594,521,87
51978049,'MI6',687,383,55
19858671,'New York Mafia',788,8,1
67320689,'KGB',835,203,24
74890824,'Yakuza',23,5,21
17122735,'Yakuza',945,829,87
44837728,'KGB',611,79,12
94663477,'MI6',822,598,72
69436454,'MI6',704,584,82
48548776,'Yakuza',30,30,100
45599463,'CIA',888,67,7
20123359,'MI6',296,221,74
76881016,'New York Mafia',546,300,54
58503804,'Tijuana Cartel',93,47,50
44234487,'New York Mafia',853,774,90
61454799,'Yakuza',403,165,40
18595980,'Yakuza',100,100,100
23398582,'New York Mafia',227,44,19
36802665,'Tijuana Cartel',481,49,10
74534834,'KGB',513,492,95
57979043,'Italian Mafia',384,377,98
66596140,'New York Mafia',497,338,68
64523379,'Italian Mafia',716,357,49
85749577,'Yakuza',146,85,58
48189219,'Italian Mafia',606,420,69
93491116,'CIA',851,549,64
87295941,'Yakuza',357,200,56
23135970,'Yakuza',259,56,21
78646301,'KGB',820,761,92
96992620,'KGB',341,118,34
23189659,'Tijuana Cartel',720,706,98
68077703,'Yakuza',858,225,26
52831458,'MI6',311,130,41
44864653,'Italian Mafia',764,484,63
59384427,'Yakuza',574,421,73
38046134,'KGB',504,12,2
27036731,'Tijuana Cartel',254,246,96
54055878,'New York Mafia',406,248,61
90013724,'D-Company',661,279,42
13489142,'New York Mafia',737,427,57
99042497,'D-Company',116,49,42
49199370,'KGB',985,889,90
98093035,'Tijuana Cartel',121,42,34
27513323,'KGB',810,415,51
91763383,'CIA',21,5,23
96617746,'CIA',154,144,93
20595828,'Tijuana Cartel',836,254,30
91364065,'Tijuana Cartel',541,263,48
86724399,'New York Mafia',433,115,26
47600754,'Tijuana Cartel',786,238,30
26997027,'Tijuana Cartel',151,26,17
72519516,'D-Company',160,157,98
44311970,'KGB',725,373,51
66813087,'Italian Mafia',789,325,41
44660696,'Italian Mafia',181,27,14
17170617,'Italian Mafia',672,277,41
80155334,'KGB',346,43,12
56559010,'KGB',688,419,60
52511616,'D-Company',927,163,17
60913034,'D-Company',205,120,58
98962780,'D-Company',643,394,61
14236007,'CIA',863,814,94
17998593,'Italian Mafia',997,151,15
90878343,'MI6',589,332,56
81396126,'KGB',698,454,65
37788758,'New York Mafia',745,92,12
77676400,'Italian Mafia',274,272,99
91470791,'MI6',417,147,35
66009565,'Yakuza',933,799,85
46439297,'Tijuana Cartel',336,335,99
49620940,'New York Mafia',821,645,78
42304284,'Tijuana Cartel',750,295,39
26718288,'Tijuana Cartel',88,27,30
57986143,'Yakuza',938,364,38
80320518,'CIA',106,94,88
22191062,'Yakuza',45,25,55
17104946,'KGB',488,488,100
78136179,'Yakuza',808,264,32
31786056,'Italian Mafia',621,276,44
74546443,'CIA',102,52,50
43917052,'Yakuza',584,221,37
88262967,'CIA',594,511,86
12204763,'Italian Mafia',82,22,26
17266209,'CIA',119,22,18
47433821,'CIA',847,391,46
77107518,'CIA',843,375,44
58916001,'D-Company',497,245,49
21663457,'New York Mafia',745,66,8
68589930,'CIA',855,776,90
47548779,'KGB',881,175,19
24230710,'CIA',24,5,20
12206037,'Tijuana Cartel',743,332,44
26358171,'Tijuana Cartel',361,100,27
65080130,'Italian Mafia',792,434,54
54701393,'D-Company',740,349,47
10511212,'CIA',293,127,43
98266821,'Yakuza',573,10,1
58916827,'D-Company',955,88,9
93356613,'Italian Mafia',267,81,30
55986715,'MI6',982,851,86
57427643,'CIA',17,9,52
22522266,'D-Company',120,105,87
96136618,'New York Mafia',397,105,26
82072862,'Tijuana Cartel',330,171,51
40732117,'MI6',296,56,18
60200432,'New York Mafia',151,10,6
93671833,'KGB',365,90,24
32885638,'MI6',800,66,8
31810822,'Tijuana Cartel',940,722,76
38779441,'New York Mafia',821,763,92
48101320,'KGB',752,186,24
25211174,'MI6',555,313,56
74995733,'Italian Mafia',370,172,46
91339352,'Italian Mafia',657,483,73
61260883,'D-Company',384,318,82
98629502,'Yakuza',643,132,20
88240257,'Italian Mafia',269,79,29
94269578,'Yakuza',112,62,55
19948457,'CIA',120,75,62
58887118,'CIA',672,298,44
97908104,'Italian Mafia',114,46,40
11256282,'KGB',305,79,25
83876237,'CIA',994,131,13
52899820,'Yakuza',622,154,24
66035660,'Yakuza',346,287,82
13126519,'Italian Mafia',920,793,86
61630079,'CIA',100,72,72
75223450,'Italian Mafia',102,74,72
56988715,'Tijuana Cartel',377,160,42
11897917,'KGB',377,264,70
21697855,'MI6',907,895,98
21467489,'MI6',827,708,85
49669790,'Tijuana Cartel',934,161,17
45381002,'D-Company',379,244,64
14510175,'KGB',708,411,58
12148206,'Yakuza',155,58,37
65513035,'MI6',134,7,5
48713418,'KGB',882,156,17
99610973,'CIA',687,263,38
90302528,'Italian Mafia',865,746,86
26339091,'New York Mafia',691,659,95
11915981,'Italian Mafia',276,115,41
52330549,'Yakuza',215,128,59
32607886,'Italian Mafia',975,935,95
88426313,'D-Company',130,13,10
52317274,'MI6',713,171,23
94378546,'KGB',226,198,87
22564514,'CIA',189,67,35
47126967,'D-Company',233,135,57
55269951,'D-Company',759,455,59
24838227,'MI6',52,30,57
38330977,'CIA',685,450,65
20031110,'Italian Mafia',26,11,42
17556887,'KGB',874,101,11
27687458,'KGB',192,187,97
68061890,'D-Company',173,9,5
78404218,'Italian Mafia',528,60,11
91910943,'New York Mafia',817,348,42
81311252,'D-Company',644,221,34
56973154,'MI6',589,106,17
87256976,'KGB',521,315,60
91941758,'D-Company',252,108,42
49837873,'Yakuza',202,52,25
78410391,'Yakuza',183,66,36
14714061,'Yakuza',713,325,45
37215481,'Tijuana Cartel',339,239,70
72876337,'CIA',398,222,55
47575894,'New York Mafia',273,150,54
17972120,'KGB',956,38,3
97743110,'D-Company',125,25,20
59471275,'MI6',680,132,19
37940570,'Yakuza',141,61,43
22697663,'D-Company',358,101,28
32262349,'New York Mafia',561,142,25
29840831,'MI6',572,495,86
44619665,'D-Company',680,268,39
80420910,'MI6',683,166,24
83701453,'MI6',202,12,5
70176704,'CIA',398,356,89
10861763,'Yakuza',39,23,58
40065308,'Yakuza',305,281,92
28803000,'KGB',237,163,68
69895223,'D-Company',674,349,51
25275373,'MI6',978,366,37
92552585,'MI6',736,73,9
29735993,'D-Company',846,15,1
64496087,'KGB',644,343,53
20318143,'CIA',886,88,9
74166062,'CIA',180,94,52
77349988,'New York Mafia',251,60,23
26052999,'MI6',986,661,67
56002749,'New York Mafia',760,363,47
19806255,'CIA',349,247,70
10665105,'Tijuana Cartel',372,220,59
27391425,'New York Mafia',211,70,33
51813816,'Tijuana Cartel',559,355,63
20727865,'Yakuza',518,447,86
40915802,'CIA',289,58,20
53383182,'Yakuza',595,146,24
21944780,'Yakuza',835,807,96
56511080,'KGB',938,314,33
17589486,'MI6',862,110,12
24256229,'MI6',379,81,21
61247613,'Italian Mafia',371,232,62
42059342,'New York Mafia',972,398,40
18269870,'CIA',618,376,60
97953201,'D-Company',960,387,40
71837703,'Yakuza',562,337,59
42072305,'Yakuza',744,56,7
73267269,'CIA',655,620,94
25082650,'KGB',587,492,83
13320543,'New York Mafia',135,56,41
13560247,'CIA',638,143,22
83317480,'Tijuana Cartel',276,147,53
95606656,'Italian Mafia',891,306,34
10751717,'New York Mafia',524,285,54
43041164,'MI6',556,249,44
15374637,'Italian Mafia',250,218,87
12362095,'KGB',590,503,85
56370580,'Yakuza',549,255,46
25585307,'CIA',761,423,55
54758333,'CIA',210,120,57
27109944,'D-Company',251,154,61
87732808,'D-Company',975,462,47
19127306,'Italian Mafia',573,74,12
81073276,'Tijuana Cartel',376,30,7
53503047,'Tijuana Cartel',523,168,32
50027996,'KGB',275,268,97
86209282,'MI6',658,332,50
37678711,'CIA',361,44,12
34024436,'New York Mafia',762,659,86
38876903,'MI6',625,383,61
53695308,'MI6',330,308,93
86021297,'KGB',471,294,62
82743070,'Italian Mafia',543,34,6
76454502,'Yakuza',564,465,82
55222052,'New York Mafia',633,524,82
56550897,'Tijuana Cartel',744,94,12
79676440,'D-Company',339,173,51
96294736,'New York Mafia',751,297,39
48068153,'KGB',646,120,18
75161856,'CIA',162,108,66
54583496,'D-Company',728,529,72
45066516,'D-Company',899,732,81
36539707,'D-Company',359,317,88
31989592,'CIA',875,642,73
66161445,'New York Mafia',781,597,76
85299896,'D-Company',617,191,30
11063579,'Italian Mafia',893,862,96
98549743,'Yakuza',586,174,29
96577369,'CIA',333,173,51
92085818,'KGB',703,130,18
31425034,'KGB',120,30,25
81646685,'CIA',339,207,61
42517468,'KGB',231,153,66
98675529,'MI6',380,170,44
48598601,'CIA',349,268,76
44834412,'CIA',761,213,27
67271182,'D-Company',711,213,29
88399141,'Italian Mafia',960,171,17
48819398,'D-Company',169,117,69
63054362,'Italian Mafia',894,131,14
43705719,'Yakuza',974,636,65
40611231,'MI6',256,27,10
53392137,'Yakuza',613,567,92
59998980,'Italian Mafia',958,716,74
48262007,'KGB',120,83,69
97213472,'CIA',256,101,39
99911876,'KGB',570,5,0
41721987,'Yakuza',704,555,78
96309769,'MI6',875,871,99
87479136,'D-Company',340,274,80
57027961,'MI6',15,15,100
25165920,'New York Mafia',34,16,47
55266812,'CIA',129,72,55
42696736,'Italian Mafia',924,122,13
12204660,'MI6',575,74,12
77553904,'KGB',881,360,40
74669268,'Yakuza',633,614,96
84473351,'MI6',715,76,10
42396828,'New York Mafia',154,89,57
65582206,'CIA',961,154,16
81749378,'D-Company',460,132,28
89682974,'MI6',742,62,8
32843250,'CIA',152,60,39
89960239,'Tijuana Cartel',269,220,81
14373274,'MI6',287,186,64
97235437,'MI6',67,24,35
39091200,'Tijuana Cartel',200,51,25
44729686,'D-Company',90,28,31
63614323,'MI6',967,949,98
55826039,'CIA',881,28,3
79994497,'Italian Mafia',238,143,60
52973731,'Yakuza',172,151,87
27925479,'Yakuza',900,663,73
61904994,'Yakuza',640,189,29
44163011,'CIA',688,108,15
95713517,'D-Company',784,330,42
19909141,'KGB',719,679,94
61673826,'Tijuana Cartel',800,566,70
27404098,'CIA',280,0,0
67941872,'MI6',274,36,13
41044430,'Yakuza',649,188,28
93109763,'KGB',694,280,40
55880292,'KGB',443,39,8
23782197,'New York Mafia',675,27,4
38573846,'KGB',312,103,33
75495351,'Italian Mafia',776,159,20
39302712,'Yakuza',225,30,13
85980230,'Tijuana Cartel',729,623,85
22363246,'New York Mafia',411,246,59
41363228,'KGB',358,221,61
77588021,'CIA',546,375,68
76671728,'Italian Mafia',961,60,6
47342596,'MI6',585,29,4
91990057,'Tijuana Cartel',455,48,10
97122102,'Yakuza',326,262,80
50575852,'MI6',431,245,56
11510513,'Italian Mafia',949,660,69
96930571,'Tijuana Cartel',1,0,0
87274980,'D-Company',199,191,95
43966371,'New York Mafia',236,149,63
89918351,'CIA',880,720,81
45731745,'D-Company',106,75,70
50645240,'Yakuza',529,10,1
36606110,'New York Mafia',291,71,24
80551000,'New York Mafia',930,754,81
23788058,'KGB',14,12,85
59916163,'Tijuana Cartel',889,314,35
64906164,'Yakuza',18,7,38
24323918,'Tijuana Cartel',730,666,91
62568174,'MI6',117,83,70
29265509,'MI6',32,20,62
39540345,'MI6',200,189,94
75351358,'Tijuana Cartel',752,735,97
23976565,'CIA',579,479,82
85918758,'D-Company',317,255,80
50459185,'Yakuza',640,395,61
27491346,'KGB',502,234,46
32064642,'New York Mafia',255,237,92
12340682,'MI6',178,68,38
87230534,'MI6',107,4,3
82489258,'CIA',379,366,96
77347849,'Yakuza',786,559,71
12125665,'KGB',707,407,57
44208292,'MI6',0,0,-1
92045782,'KGB',463,57,12
65856415,'New York Mafia',536,511,95
73490662,'CIA',559,330,59
17349142,'New York Mafia',496,304,61
23046262,'The Jesse James Gang',1,1,100
