60259508,170,3
32199542,189,4
70705149,75,2
54352899,109,4
90198523,11,4
91691082,177,4
37863334,26,4
81068245,52,4
95966671,174,1
23973007,170,3
51479543,103,3
74662634,32,0
18141683,145,3
17247069,76,4
39952946,114,1
53304500,175,5
48825347,4,4
39213640,133,0
47255163,88,1
52293581,88,4
25710817,42,2
23716601,65,3
16304222,123,2
74651992,40,5
15933280,23,2
85318237,160,2
31190148,121,0
17101081,136,1
36718462,101,2
38132501,32,4
93147898,69,2
22828869,171,4
37595499,108,2
14027821,122,4
62640419,46,0
70279722,171,3
18633560,78,3
66289906,76,2
57978257,175,2
47868811,173,1
80743486,43,0
78696828,11,3
44705736,196,0
21900137,92,2
34246409,151,0
50091775,63,3
55243069,89,3
74979842,34,2
60233225,168,3
88803647,148,0
15121157,65,2
90585887,25,1
79575760,4,4
88453040,200,3
69909824,179,1
27431535,104,3
78762554,134,1
13916974,196,3
80598460,107,1
80277808,89,2
74529587,60,0
10644176,150,2
12268955,39,4
36519061,184,3
19780720,143,1
28725293,69,4
74495793,78,4
15782771,155,2
99312333,34,0
26813337,133,2
53131816,101,3
68414702,177,3
35725580,61,2
31565620,55,5
12454701,187,0
71807639,45,2
24860394,174,0
40123133,137,2
50835635,147,3
46159569,166,1
73907922,48,0
27569425,107,0
92742422,50,1
63700373,187,3
75426636,124,3
93977654,152,4
33071647,96,5
34804352,13,0
86791399,196,4
36315233,107,4
98576491,101,0
11221763,180,0
76140467,84,4
89648974,180,0
35180639,133,1
32104307,163,4
97881788,183,3
30979107,195,2
88841010,179,2
96177437,37,4
25025761,96,1
37613365,159,2
81990006,158,1
75832449,182,0
22560582,43,4
66114653,191,2
95620899,200,3
52506245,16,0
50774558,172,3
27902837,97,3
53976082,89,2
26975601,68,2
16988363,124,3
27283653,16,4
59032146,37,2
50667324,147,3
87460738,84,2
39953370,99,2
17136554,97,2
19922719,196,1
95012404,14,1
45167808,31,2
66268105,56,2
52333624,190,3
29925954,95,0
80690377,26,0
76113474,31,1
14509631,95,4
93087274,49,4
96314659,142,4
14466489,161,3
45551609,192,4
79078837,139,2
89949810,199,2
99388213,109,2
55580636,197,4
91348838,40,1
96478739,155,1
28601644,178,3
80643184,71,1
64034644,135,0
42476249,157,3
65192214,94,4
10273747,94,0
97677601,138,2
72671808,33,0
88131045,139,1
38790838,85,3
66589949,170,3
46756922,35,4
51978049,68,1
19858671,145,0
67320689,54,3
74890824,48,4
17122735,160,3
44837728,124,1
94663477,143,1
69436454,24,0
48548776,117,4
45599463,88,4
20123359,177,2
76881016,166,4
58503804,8,0
44234487,30,4
61454799,37,2
18595980,188,3
23398582,158,1
36802665,18,2
74534834,45,0
57979043,168,1
66596140,109,2
64523379,40,5
85749577,56,3
48189219,167,3
93491116,133,4
87295941,3,3
23135970,48,2
78646301,196,4
96992620,27,2
23189659,7,0
68077703,93,4
52831458,0,-1
44864653,109,1
59384427,149,4
38046134,184,1
27036731,37,3
54055878,174,3
90013724,33,3
13489142,5,2
99042497,62,1
49199370,91,3
98093035,39,0
27513323,140,2
91763383,136,1
96617746,24,3
20595828,187,3
91364065,92,4
86724399,183,1
47600754,109,5
26997027,127,0
72519516,129,0
44311970,136,3
66813087,169,1
44660696,149,4
17170617,35,3
80155334,100,0
56559010,71,1
52511616,200,1
60913034,44,1
98962780,174,3
14236007,72,0
17998593,116,4
90878343,105,3
81396126,153,1
37788758,166,2
77676400,154,0
91470791,154,2
66009565,76,4
46439297,98,0
49620940,112,2
42304284,120,4
26718288,75,1
57986143,176,4
80320518,63,4
22191062,108,1
17104946,65,3
78136179,114,1
31786056,117,1
74546443,0,-1
43917052,6,4
88262967,52,4
12204763,82,4
17266209,59,0
47433821,171,1
77107518,37,0
58916001,91,4
21663457,7,2
68589930,193,4
47548779,98,4
24230710,153,0
12206037,178,2
26358171,24,4
65080130,116,0
54701393,22,3
10511212,53,0
98266821,58,4
58916827,193,2
93356613,188,2
55986715,133,4
57427643,139,4
22522266,35,5
96136618,59,4
82072862,87,2
40732117,26,0
60200432,196,4
93671833,122,3
32885638,189,0
31810822,156,0
38779441,6,4
48101320,157,2
25211174,118,1
74995733,38,3
91339352,192,0
61260883,21,4
98629502,24,0
88240257,73,0
94269578,179,4
19948457,101,4
58887118,75,4
97908104,185,4
11256282,178,1
83876237,57,1
52899820,169,1
66035660,164,1
13126519,134,2
61630079,185,4
75223450,30,4
56988715,133,1
11897917,44,0
21697855,114,2
21467489,102,0
49669790,127,3
45381002,155,3
14510175,160,0
12148206,113,2
65513035,87,4
48713418,25,3
99610973,70,2
90302528,105,2
26339091,46,3
11915981,17,1
52330549,112,1
32607886,154,2
88426313,63,0
52317274,68,4
94378546,197,4
22564514,190,0
47126967,153,0
55269951,128,4
24838227,15,4
38330977,27,3
20031110,4,0
17556887,161,1
27687458,127,4
68061890,10,2
78404218,63,4
91910943,161,2
81311252,56,4
56973154,18,3
87256976,34,0
91941758,196,1
49837873,73,0
78410391,92,2
14714061,161,0
37215481,6,3
72876337,10,2
47575894,27,3
17972120,193,2
97743110,88,2
59471275,14,4
37940570,122,4
22697663,196,2
32262349,196,0
29840831,113,3
44619665,13,4
80420910,83,0
83701453,75,0
70176704,49,2
10861763,100,1
40065308,188,1
28803000,9,2
69895223,87,0
25275373,78,3
92552585,83,0
29735993,163,2
64496087,114,1
20318143,125,2
74166062,145,4
77349988,155,4
26052999,138,0
56002749,40,2
19806255,149,1
10665105,141,2
27391425,184,4
51813816,156,0
20727865,141,3
40915802,75,1
53383182,62,2
21944780,143,0
56511080,138,0
17589486,98,4
24256229,195,3
61247613,153,3
42059342,183,4
18269870,20,4
97953201,195,3
71837703,98,4
42072305,32,2
73267269,72,3
25082650,79,4
13320543,23,4
13560247,83,0
83317480,71,0
95606656,172,3
10751717,59,1
43041164,195,1
15374637,85,0
12362095,187,2
56370580,60,1
25585307,22,0
54758333,12,2
27109944,94,3
87732808,102,4
19127306,1,2
81073276,3,2
53503047,124,2
50027996,49,3
86209282,38,3
37678711,194,3
34024436,46,3
38876903,97,4
53695308,3,2
86021297,189,1
82743070,174,3
76454502,49,3
55222052,151,0
56550897,21,4
79676440,24,4
96294736,110,4
48068153,25,4
75161856,75,0
54583496,75,4
45066516,98,4
36539707,155,4
31989592,50,1
66161445,41,3
85299896,61,0
11063579,198,4
98549743,166,4
96577369,156,4
92085818,54,3
31425034,135,4
81646685,73,4
42517468,12,3
98675529,30,4
48598601,40,3
44834412,33,1
67271182,26,2
88399141,109,0
48819398,22,3
63054362,181,3
43705719,12,4
40611231,11,4
53392137,177,2
59998980,45,0
48262007,111,2
97213472,77,0
99911876,73,1
41721987,61,3
96309769,16,4
87479136,55,2
57027961,63,2
25165920,91,4
55266812,198,4
42696736,154,4
12204660,77,2
77553904,188,4
74669268,37,3
84473351,166,1
42396828,105,0
65582206,135,4
81749378,32,0
89682974,62,4
32843250,17,3
89960239,96,3
14373274,138,2
97235437,62,1
39091200,188,3
44729686,10,2
63614323,2,0
55826039,175,2
79994497,67,0
52973731,187,3
27925479,156,1
61904994,131,3
44163011,24,4
95713517,69,1
19909141,133,4
61673826,87,2
27404098,180,5
67941872,6,1
41044430,139,4
93109763,37,0
55880292,3,3
23782197,172,2
38573846,32,2
75495351,97,3
39302712,121,2
85980230,146,4
22363246,194,0
41363228,81,3
77588021,137,3
76671728,26,1
47342596,114,0
91990057,144,4
97122102,51,1
50575852,133,0
11510513,111,1
96930571,195,4
87274980,84,3
43966371,131,2
89918351,42,1
45731745,164,1
50645240,74,3
36606110,79,1
80551000,45,3
23788058,12,2
59916163,155,3
64906164,28,1
24323918,111,2
62568174,56,2
29265509,74,4
39540345,126,0
75351358,132,0
23976565,27,4
85918758,178,0
50459185,2,1
27491346,199,4
32064642,152,2
12340682,86,3
87230534,148,3
82489258,1,0
77347849,135,2
12125665,7,4
44208292,44,3
92045782,33,0
65856415,20,0
73490662,27,3
17349142,197,2
23046262,0,2
